              MR1           MR2           MR6           MR3           MR4           MR5
MR1  1.000000e+00 -1.895659e-16 -4.956319e-17  1.131301e-17  6.176362e-16 -3.403042e-16
MR2 -1.895659e-16  1.000000e+00  8.172689e-16 -1.248376e-15 -1.264571e-15  6.740296e-16
MR6 -4.956319e-17  8.172689e-16  1.000000e+00 -7.279823e-16  1.660895e-15 -1.488598e-16
MR3  1.131301e-17 -1.248376e-15 -7.279823e-16  1.000000e+00 -1.020241e-15  1.528571e-15
MR4  6.176362e-16 -1.264571e-15  1.660895e-15 -1.020241e-15  1.000000e+00 -1.222141e-15
MR5 -3.403042e-16  6.740296e-16 -1.488598e-16  1.528571e-15 -1.222141e-15  1.000000e+00
